# Created by Octave 4.2.1, Wed May 13 09:23:07 2020 GMT <unknown@unknown>
# name: a_mat
# type: matrix
# rows: 29
# columns: 29
 0 376.9911184332449 0 0 0 0 0 0 0 0 0 0 0 0 0 0 0 0 0 0 0 0 0 0 0 0 0 0 0
 -0.07198809263477475 -0.02963417385924921 -0.01242332874421309 -0.02129715813275988 -0.002846004739014474 -0.06560650009309894 -5.855606669963905e-014 -4.398710868937903e-014 -5.855606669963905e-014 -5.855606669963905e-014 -5.855606669963905e-014 -0.05625879043608141 -0.4219409282701128 0.2109704641349393 0.07198807986808832 -4.113051964182755e-005 0.003415320433512017 0.005854835028367806 -5.855606669963905e-013 0.06593587085079451 -5.855606669963905e-014 -3.818656879488571e-014 -5.855606669963905e-014 -5.855606669963905e-014 -5.855606669963905e-014 0.05026107224097959 0.02000412205081493 0.002759891279706951 -0.0009179787676020791
 -0.001678746128925372 -0.04733281359702658 -1.82571348892849 1.610870669962646 1.309683058801796e-006 0.006286210587850715 -3.763467880085276e-013 0.1694915254235718 -3.763467880085276e-013 -3.763467880085276e-013 -3.763467880085276e-013 -3.763467880085276e-013 -3.763467880085276e-013 -3.763467880085276e-013 0.001678435590136714 0.03174938502311031 0.01105055858674273 0.01894381472306047 -3.763467880085276e-012 -0.002471704532196359 -3.763467880085276e-013 -2.454296082545875e-013 -3.763467880085276e-013 -3.763467880085276e-013 -3.763467880085276e-013 0.0001279977818650889 0.0008662609161065427 0.02109397242188905 0.008801617227892989
 -0.05851025020967941 -1.649716244341015 32.75098739909519 -34.33164064963472 4.564693530569505e-005 0.2190967096291074 -3.585095183685402e-011 -2.693110729507232e-011 -3.585095183685402e-011 -3.585095183685402e-011 -3.585095183685402e-011 -3.585095183685402e-011 -3.585095183685402e-011 -3.585095183685402e-011 0.0584994265297641 1.106578549382731 0.3851511164826047 0.6602590570009347 -3.585095183685402e-010 -0.08614765983905313 -3.585095183685402e-011 -2.337972674466878e-011 -3.585095183685402e-011 -3.585095183685402e-011 -3.585095183685402e-011 0.004461176000373583 0.03019226170001647 0.7351996703329015 0.3067675425257506
 0 0 0 0 -12.19512195121951 0 0 0 0 0 0 0 0 0 0 0 0 0 0 0 0 0 0 0 0 0 0 0 0
 -5.978677078190918 -0.5309945882890394 -0.4420159583505009 -0.7577416429079787 11.87631834647665 -21.14578631426863 1.015447888376667e-011 7.628008360524024e-012 1.015447888376667e-011 1.015447888376667e-011 1.015447888376667e-011 1.015447888376667e-011 1.015447888376667e-011 1.015447888376667e-011 5.97868065898173 -0.4783701964360695 0.1195312879909396 0.2049107792928337 1.015447888376667e-010 5.536009952877705 1.015447888376667e-011 6.622109856869205e-012 1.015447888376667e-011 1.015447888376667e-011 1.015447888376667e-011 4.189846527634546 1.655380512645918 -0.08537104759570453 -0.2082228402234252
 -0.0001265801122194339 44.36611875487837 -0.02779023721667146 -0.04764040696747504 0.000147897740264182 0.005389446322470042 -0.0833333333332497 6.29840412546046e-014 -44.44444444443946 0.5555555555556396 0.08333333333341739 8.384496800554567e-014 8.384496800554567e-014 8.384496800554567e-014 0.0001266297843492692 -0.005402561199420683 -0.001860753774706165 -0.003189863617317246 8.384496800554566e-013 0.0007981414907748859 8.384496800554567e-014 5.467839319317698e-014 8.384496800554567e-014 8.384496800554567e-014 8.384496800554567e-014 0.000266030196858826 -3.284920029854772e-005 -0.003573446909760127 -0.001502898323470457
 -2.683498381284011 940561.7176034208 -589.1530289955717 -1009.976627711204 3.135432091738721 114.2562620359833 19433.33333333497 -99.9999999989066 -942222.2222221167 11777.77777777944 1766.666666668248 1.554312234475219e-009 1.554312234475219e-009 1.554312234475219e-009 2.684551427822868 -114.5342974284702 -39.44798002308698 -67.62510868785185 1.554312234475219e-008 16.92059960367587 1.554312234475219e-009 1.013624282091446e-009 1.554312234475219e-009 1.554312234475219e-009 1.554312234475219e-009 5.639840172655396 -0.6964030485612226 -75.7570744891467 -31.86144445832539
 0 0.1000000000006551 0 0 0 0 0 0 -0.09999999999998897 0 0 0 0 0 0 0 0 0 0 0 0 0 0 0 0 0 0 0 0
 0 -1800.000000011792 0 0 0 0 0 0 1799.999999999802 -25 0 0 0 0 0 0 0 0 0 0 0 0 0 0 0 0 0 0 0
 0 -7555.555555605053 0 0 0 0 0 0 7555.555555554723 -94.44444444444446 -16.66666666666667 0 0 0 0 0 0 0 0 0 0 0 0 0 0 0 0 0 0
 0 -50.00000000032755 0 0 0 0 0 0 0 0 0 -2.500000000000071 0 0 0 0 0 0 0 0 0 0 0 0 0 0 0 0 0
 0 0 0 0 0 0 0 0 0 0 0 0.01155555555555632 -0.01333333333333371 0 0 0 0 0 0 0 0 0 0 0 0 0 0 0 0
 0 0 0 0 0 0 0 0 0 0 0 0.3333333333336667 2.500000000000187 -0.8333333333332416 0 0 0 0 0 0 0 0 0 0 0 0 0 0 0
 0 0 0 0 0 0 0 0 0 0 0 0 0 0 0 376.9911184332449 0 0 0 0 0 0 0 0 0 0 0 0 0
 0.06587934553425269 -0.02876969961547782 -0.008458243271163535 -0.01449984561001705 1.171121333992781e-012 0.06396984446550232 1.171121333992781e-013 8.797421737875807e-014 1.171121333992781e-013 1.171121333992781e-013 1.171121333992781e-013 1.171121333992781e-013 1.171121333992781e-013 1.171121333992781e-013 -0.06587894632592572 -0.05642764306914084 -0.02263649501581919 -0.03880546395835566 -0.01659085056925484 -0.05321054407277554 1.171121333992781e-013 7.637313758977141e-014 1.171121333992781e-013 1.171121333992781e-013 1.171121333992781e-013 0.1613756093516844 0.1920268366563223 -0.01733139622499462 -0.0147080477350793
 0.01537939343484959 0.02707616349960809 0.01001365745716641 0.01716626992199533 -3.763467880085276e-012 0.01255709048982811 -3.763467880085276e-013 -2.827103663561446e-013 -3.763467880085276e-013 -3.763467880085276e-013 -3.763467880085276e-013 -3.763467880085276e-013 -3.763467880085276e-013 -3.763467880085276e-013 -0.01537972787165929 -0.03938640760805937 -1.822918108142303 1.61566275130528 2.890238331151638e-005 -0.0008617099087013387 -3.763467880085276e-013 0.1694915254235857 -3.763467880085276e-013 -3.763467880085276e-013 -3.763467880085276e-013 0.01370714884722578 0.01435819200258201 0.06707740278099983 0.08131418039844469
 0.5360263469663303 0.9437002228621093 0.3490114383350242 0.5983053230078316 -4.278984574076125e-010 0.4376590904501635 -4.278984574076124e-011 -3.214357967476373e-011 -4.278984574076124e-011 -4.278984574076124e-011 -4.278984574076124e-011 -4.278984574076124e-011 -4.278984574076124e-011 -4.278984574076124e-011 -0.5360380038570608 -1.372755843257837 32.84841632286018 -34.16461963749199 0.001007350106108085 -0.03003364351198782 -4.278984574076124e-011 -2.790483514686274e-011 -4.278984574076124e-011 -4.278984574076124e-011 -4.278984574076124e-011 0.4777426985726659 0.500433859039473 2.337885127793223 2.834087265771168
 0 0 0 0 0 0 0 0 0 0 0 0 0 0 0 0 0 0 -12.19512195121951 0 0 0 0 0 0 0 0 0 0
 4.998790204533203 -3.114770739434872 -0.9723549479902431 -1.666894196756692 2.369378406212224e-010 4.919431243396254 2.369378406212224e-011 1.779868617455605e-011 2.369378406212224e-011 2.369378406212224e-011 2.369378406212224e-011 2.369378406212224e-011 2.369378406212224e-011 2.369378406212224e-011 -4.998748121969482 -0.9517671149850677 -0.8453292222729463 -1.449135809085692 10.69749770628935 -22.00353892172646 2.369378406212224e-011 1.545158966602814e-011 2.369378406212224e-011 2.369378406212224e-011 2.369378406212224e-011 12.90567566235876 15.41077981699578 -3.276213058467099 -3.452834224093592
 -0.001914297200103787 -0.004951157024827024 -0.001807272757101957 -0.003098181892826752 1.207078418700528e-012 -0.001451816879397283 1.207078418700528e-013 9.067530077171526e-014 1.207078418700528e-013 1.207078418700528e-013 1.207078418700528e-013 1.207078418700528e-013 1.207078418700528e-013 1.207078418700528e-013 0.001914356299689545 44.3629292448125 -0.02807532656830168 -0.04812913237178612 0.000114054432846962 0.01204600664708241 -0.08333333333321283 7.871803157983238e-014 -44.44444444443943 0.5555555555556758 0.08333333333345426 -0.0005849455102655114 -0.0003616814437717187 -0.01167666739936967 -0.01408614377519686
 -40.58310064225523 -104.9645289263878 -38.31418245061408 -65.68145612798068 2.442490654175344e-008 -30.77851784327734 2.442490654175344e-009 1.834790277651378e-009 2.442490654175344e-009 2.442490654175344e-009 2.442490654175344e-009 2.442490654175344e-009 2.442490654175344e-009 2.442490654175344e-009 40.58435355336343 940494.0999900234 -595.1969232494363 -1020.337606281919 2.417953974820364 255.3753409184622 19433.33333333586 -99.9999999984675 -942222.2222221158 11777.77777778011 1766.666666669136 -12.40084481768377 -7.667646608755518 -247.5453488681722 -298.6262480342283
 0 0 0 0 0 0 0 0 0 0 0 0 0 0 0 0.1000000000006551 0 0 0 0 0 0 -0.09999999999998897 0 0 0 0 0 0
 0 0 0 0 0 0 0 0 0 0 0 0 0 0 0 -1800.000000011792 0 0 0 0 0 0 1799.999999999802 -25 0 0 0 0 0
 0 0 0 0 0 0 0 0 0 0 0 0 0 0 0 -7555.555555605053 0 0 0 0 0 0 7555.555555554723 -94.44444444444446 -16.66666666666667 0 0 0 0
 0 0 0 0 0 0 0 0 0 0 0 0 0 0 0 0 0 0 0 0 0 0 0 0 0 -19.99999999999918 0 0 0
 0 0 0 0 0 0 0 0 0 0 0 0 0 0 0 0 0 0 0 0 0 0 0 0 0 0 -20.00000000000612 0 0
 0 0 0 0 0 0 0 0 0 0 0 0 0 0 0 0 0 0 0 0 0 0 0 0 0 0 0 -19.99999999999918 0
 0 0 0 0 0 0 0 0 0 0 0 0 0 0 0 0 0 0 0 0 0 0 0 0 0 0 0 0 -19.99999999999224


# name: b_pwrmod_p
# type: matrix
# rows: 29
# columns: 2
 0 0
 -5.855606669963905e-013 -5.855606669963905e-013
 -3.763467880085276e-012 -3.763467880085276e-012
 -3.585095183685402e-010 -3.585095183685402e-010
 0 0
 1.015447888376667e-010 1.015447888376667e-010
 8.384496800554566e-013 8.384496800554566e-013
 1.554312234475219e-008 1.554312234475219e-008
 0 0
 0 0
 0 0
 0 0
 0 0
 0 0
 0 0
 1.171121333992781e-012 1.171121333992781e-012
 -3.763467880085276e-012 -3.763467880085276e-012
 -4.278984574076125e-010 -4.278984574076125e-010
 0 0
 2.369378406212224e-010 2.369378406212224e-010
 1.207078418700528e-012 1.207078418700528e-012
 2.442490654175344e-008 2.442490654175344e-008
 0 0
 0 0
 0 0
 19.99999999999918 0
 0 20.00000000000612
 0 0
 0 0


# name: c_v
# type: matrix
# rows: 6
# columns: 29
 0.001518961401103524 0.9399082782968192 0.3334828466096898 0.5716848836411539 -0.001774772873108787 -0.06467335585957912 2.220446049250313e-012 1.667991161501253e-012 2.220446049250313e-012 2.220446049250313e-012 2.220446049250313e-012 2.220446049250313e-012 2.220446049250313e-012 2.220446049250313e-012 -0.001519557391027604 0.06483073438090514 0.02232904530591574 0.03827836343897914 2.220446049250313e-011 -0.009577697879237235 2.220446049250313e-012 1.448034688702066e-012 2.220446049250313e-012 2.220446049250313e-012 2.220446049250313e-012 -0.003192362352244515 0.0003941904136439688 0.04288136292718291 0.01803477989170688
 0.04860794117211852 0.2308958127583693 0.08320260260044215 0.1426330338878178 0 0.02946786127333567 0 0 0 0 0 0 0 0 -0.04860986970722791 0.7847014085737846 0.2688277064345648 0.4608475082749543 0 -0.1436019805955979 0 0 0 0 0 -0.002352332462152162 -0.003626365119302477 1.030390738188114 0.2186708110141211
 0.03389137188669622 0.09212820568649248 0.03358279085106036 0.05757049915570091 0 0.02538901185955566 0 0 0 0 0 0 0 0 -0.03389244410678671 0.9362511681598739 0.3218948935469326 0.5518198300109712 0 -0.1492588017182328 0 0 0 0 0 0.007185124584196955 0.002371781415710927 0.216138364517171 0.2605992568516236
 0.02297156646013931 0.05941388433461369 0.02168727312034811 0.03717818277133182 0 0.0174218025894568 0 0 0 0 0 0 0 0 -0.0229722755817896 0.9781823991139581 0.33690391885405 0.5775495884754274 -0.001368653157474142 -0.1445520797282995 0 0 0 0 0 0.007019346159875538 0.004340177339745566 0.140120008806921 0.1690337253612562
 0.04102714135090224 0.3903734618559973 0.1395778523482524 0.2392763183012656 0 0.0111239096378668 0 0 0 0 0 0 0 0 -0.04102913327974633 0.3772771911880745 0.1284086733378015 0.2201291624051313 0 -0.08521461309918264 0 0 0 0 0 -0.004045955270814972 -0.006650350814485505 0.09823784962170733 0.1053572645015599
 0.003233463863328012 0.6603740638877476 0.2343605968665028 0.4017610255884416 -0.001751860556620244 -0.04340215811193814 1.110223024625157e-012 8.339955807506266e-013 1.110223024625157e-012 1.110223024625157e-012 1.110223024625157e-012 1.110223024625157e-012 1.110223024625157e-012 1.110223024625157e-012 -0.003235130840995026 0.2220989508638915 0.07658934275799523 0.1312960169287301 1.110223024625156e-011 -0.03100676573275507 1.110223024625157e-012 7.240173443510331e-013 1.110223024625157e-012 1.110223024625157e-012 1.110223024625157e-012 2.977977864304648e-005 0.001898001300570939 0.07027742152665439 0.06175924182061365


# name: c_ang
# type: matrix
# rows: 6
# columns: 29
 0.9390517908218057 -0.0004489232755374952 0.02475855150186553 0.0424431300815318 0.02016617225728952 0.8830253352698529 2.255140518769848e-013 1.69405352339971e-013 2.255140518769848e-013 2.255140518769848e-013 2.255140518769848e-013 2.255140518769848e-013 2.255140518769848e-013 2.255140518769848e-013 0.06094819620138518 0.0003772104989951291 0.003033928995460939 0.005201020310417854 2.255140518769848e-012 0.05577211457468077 2.255140518769848e-013 1.470660230713036e-013 2.255140518769848e-013 2.255140518769848e-013 2.255140518769848e-013 0.04253963380691356 0.01694153648531901 0.002609548837841423 -0.0006627011222825463
 0.23285417036778 -0.05161588007562833 -0.01213249743724057 -0.02079855442593452 0 0.2225835313784952 0 0 0 0 0 0 0 0 0.7671462438157971 0.02178239528749515 0.04407360866656507 0.07555461081389427 0 0.6998453418782801 0 0 0 0 0 1.058584694077491 0.213455137348939 -0.01257972773172078 -0.003607592657939307
 0.08823915851607909 -0.03439113032410734 -0.009859192536748386 -0.01690146873981218 0 0.08539019287212567 0 0 0 0 0 0 0 0 0.9117612620929137 0.007817367189688618 0.04613760523223785 0.07909285150717954 0 0.8340554522451303 0 0 0 0 0 0.2132091120016222 0.2534660786646104 -0.01449360060856719 -0.009309452636552251
 0.05516563196528156 -0.02270077620880606 -0.006589520048496178 -0.01129631833654715 2.775557561562891e-012 0.05346889926649556 2.775557561562891e-013 2.084988951876567e-013 2.775557561562891e-013 2.775557561562891e-013 2.775557561562891e-013 2.775557561562891e-013 2.775557561562891e-013 2.775557561562891e-013 0.9448346593832201 0.005305957787027359 0.04684543726632887 0.08030627211438755 0.008127588105311112 0.8646630756919959 2.775557561562891e-013 1.810043360877583e-013 2.775557561562891e-013 2.775557561562891e-013 2.775557561562891e-013 0.1341457768477827 0.1595447277735751 -0.01158685402069537 -0.008829630718243386
 0.5231583445619581 -0.03966802317734164 -0.0001906320295586302 -0.0003267973225584669 0 0.4947173066982557 0 0 0 0 0 0 0 0 0.4768415407419013 0.05745253008615502 0.04256886965077746 0.07297511498187625 0 0.4294637787338739 0 0 0 0 0 0.1268788483971273 0.1332321354047261 0.005710975267692041 0.009960517785567724
 0.7602214378427118 0.003368209233745034 0.02136746348492104 0.03662986646180046 0.0115372873601971 0.7146019746870346 1.387778780781446e-013 1.042494475938283e-013 1.387778780781446e-013 1.387778780781446e-013 1.387778780781446e-013 1.387778780781446e-013 1.387778780781446e-013 1.387778780781446e-013 0.2397785144270248 0.002283141393999433 0.01221201712839859 0.02093487335266833 1.387778780781445e-012 0.2193142499676281 1.387778780781446e-013 9.050216804387914e-014 1.387778780781446e-013 1.387778780781446e-013 1.387778780781446e-013 0.07837226179974177 0.06666037617314435 -0.0005799420638163966 -0.002385081913913734


